9 21 32 2 30 17 28 22 2 12
2
30 30 17 31 29 30 26 30 10 25
12
19 19 9 22 29 8 31 6 18 30
22
3 13 21 22 22 14 27 32 8 28
32
27 19 6 7 19 12 28 23 6 5
42
6 24 26 22 7 23 12 7 8 20
52
8 33 15 28 25 11 32 33 26 11
62
24 13 18 31 17 6 25 16 7 18
72
28 18 28 23 13 27 17 18 6 8
82
16 1 9 5 27 23 15 4 28 9
92
16 30 20 25 1 31 19 30 27 13
102
6 3 30 32 1 22 15 31 16 13
112
29 25 21 25 15 18 28 32 6 8
122
27 29 13 11 8 32 22 30 23 19
132
14 12 1 22 30 33 2 24 33 10
142
21 32 18 29 13 30 10 21 19 6
152
20 24 4 12 33 16 8 16 6 30
162
29 15 3 32 10 31 25 1 1 32
172
32 16 21 20 19 21 4 27 11 6
182
33 11 31 11 21 13 22 18 11 11
192
21 27 27 28 9 3 20 9 29 10
202
21 20 4 6 8 33 28 26 25 22
212
32 4 11 33 24 22 28 19 22 30
222
15 3 21 9 26 32 13 28 26 17
232
33 24 8 24 6 21 16 20 17 28
242